63.2700000000	0100000001001111101000101000111101011100001010001111010111000011
72.2200000000	0100000001010010000011100001010001111010111000010100011110101110
11.4400000000	0100000000100110111000010100011110101110000101000111101011100001
305.0400000000	0100000001110011000100001010001111010111000010100011110101110001
179.8000000000	0100000001100110011110011001100110011001100110011001100110011010
33.7900000000	0100000001000000111001010001111010111000010100011110101110000101
103.2600000000	0100000001011001110100001010001111010111000010100011110101110001
98.6700000000	0100000001011000101010101110000101000111101011100001010001111011
56.2800000000	0100000001001100001000111101011100001010001111010111000010100100
52.7200000000	0100000001001010010111000010100011110101110000101000111101011100
143.5800000000	0100000001100001111100101000111101011100001010001111010111000011
105.1400000000	0100000001011010010010001111010111000010100011110101110000101001
132.6900000000	0100000001100000100101100001010001111010111000010100011110101110
167.6400000000	0100000001100100111101000111101011100001010001111010111000010100
210.8000000000	0100000001101010010110011001100110011001100110011001100110011010
127.1800000000	0100000001011111110010111000010100011110101110000101000111101100
114.1500000000	0100000001011100100010011001100110011001100110011001100110011010
47.4900000000	0100000001000111101111101011100001010001111010111000010100011111
47.8600000000	0100000001000111111011100001010001111010111000010100011110101110
31.6500000000	0100000000111111101001100110011001100110011001100110011001100110
158.8700000000	0100000001100011110110111101011100001010001111010111000010100100
342.5200000000	0100000001110101011010000101000111101011100001010001111010111000
79.3100000000	0100000001010011110100111101011100001010001111010111000010100100
62.1300000000	0100000001001111000100001010001111010111000010100011110101110001
241.0900000000	0100000001101110001000101110000101000111101011100001010001111011
265.1800000000	0100000001110000100100101110000101000111101011100001010001111011
207.4300000000	0100000001101001111011011100001010001111010111000010100011110110
122.4300000000	0100000001011110100110111000010100011110101110000101000111101100
0.3200000000	0011111111010100011110101110000101000111101011100001010001111011
195.2400000000	0100000001101000011001111010111000010100011110101110000101001000
263.1200000000	0100000001110000011100011110101110000101000111101011100001010010
19.2200000000	0100000000110011001110000101000111101011100001010001111010111000
57.8400000000	0100000001001100111010111000010100011110101110000101000111101100
220.1900000000	0100000001101011100001100001010001111010111000010100011110101110
231.7600000000	0100000001101100111110000101000111101011100001010001111010111000
104.3300000000	0100000001011010000101010001111010111000010100011110101110000101
21.2000000000	0100000000110101001100110011001100110011001100110011001100110011
340.1000000000	0100000001110101010000011001100110011001100110011001100110011010
42.2700000000	0100000001000101001000101000111101011100001010001111010111000011
68.7000000000	0100000001010001001011001100110011001100110011001100110011001101
351.6100000000	0100000001110101111110011100001010001111010111000010100011110110
218.6200000000	0100000001101011010100111101011100001010001111010111000010100100
126.6700000000	0100000001011111101010101110000101000111101011100001010001111011
70.5200000000	0100000001010001101000010100011110101110000101000111101011100001
56.0500000000	0100000001001100000001100110011001100110011001100110011001100110
17.8700000000	0100000000110001110111101011100001010001111010111000010100011111
62.3900000000	0100000001001111001100011110101110000101000111101011100001010010
8.2700000000	0100000000100000100010100011110101110000101000111101011100001010
100.1600000000	0100000001011001000010100011110101110000101000111101011100001010
201.4900000000	0100000001101001001011111010111000010100011110101110000101001000
54.3700000000	0100000001001011001011110101110000101000111101011100001010001111
63.5400000000	0100000001001111110001010001111010111000010100011110101110000101
307.1400000000	0100000001110011001100100011110101110000101000111101011100001010
334.1300000000	0100000001110100111000100001010001111010111000010100011110101110
194.8400000000	0100000001101000010110101110000101000111101011100001010001111011
92.4300000000	0100000001010111000110111000010100011110101110000101000111101100
280.0800000000	0100000001110001100000010100011110101110000101000111101011100001
85.8500000000	0100000001010101011101100110011001100110011001100110011001100110
98.2800000000	0100000001011000100100011110101110000101000111101011100001010010
178.5700000000	0100000001100110010100100011110101110000101000111101011100001010
209.7800000000	0100000001101010001110001111010111000010100011110101110000101001
193.9300000000	0100000001101000001111011100001010001111010111000010100011110110
194.5700000000	0100000001101000010100100011110101110000101000111101011100001010
207.8900000000	0100000001101001111111000111101011100001010001111010111000010100
215.6300000000	0100000001101010111101000010100011110101110000101000111101011100
232.1000000000	0100000001101101000000110011001100110011001100110011001100110011
270.7200000000	0100000001110000111010111000010100011110101110000101000111101100
210.7500000000	0100000001101010010110000000000000000000000000000000000000000000
222.5900000000	0100000001101011110100101110000101000111101011100001010001111011
234.2000000000	0100000001101101010001100110011001100110011001100110011001100110
111.6300000000	0100000001011011111010000101000111101011100001010001111010111000
116.8200000000	0100000001011101001101000111101011100001010001111010111000010100
129.9300000000	0100000001100000001111011100001010001111010111000010100011110110
127.5100000000	0100000001011111111000001010001111010111000010100011110101110001
142.4900000000	0100000001100001110011111010111000010100011110101110000101001000
138.3900000000	0100000001100001010011000111101011100001010001111010111000010100
182.8800000000	0100000001100110110111000010100011110101110000101000111101011100
149.9600000000	0100000001100010101111101011100001010001111010111000010100011111
175.3400000000	0100000001100101111010101110000101000111101011100001010001111011
183.5600000000	0100000001100110111100011110101110000101000111101011100001010010
186.5400000000	0100000001100111010100010100011110101110000101000111101011100001
179.3800000000	0100000001100110011011000010100011110101110000101000111101011100
176.1700000000	0100000001100110000001010111000010100011110101110000101000111101
157.0300000000	0100000001100011101000001111010111000010100011110101110000101001
167.8600000000	0100000001100100111110111000010100011110101110000101000111101100
167.9600000000	0100000001100100111111101011100001010001111010111000010100011111
186.2700000000	0100000001100111010010001010001111010111000010100011110101110001
210.4200000000	0100000001101010010011010111000010100011110101110000101000111101
186.5900000000	0100000001100111010100101110000101000111101011100001010001111011
197.6800000000	0100000001101000101101011100001010001111010111000010100011110110
197.3000000000	0100000001101000101010011001100110011001100110011001100110011010
204.5900000000	0100000001101001100100101110000101000111101011100001010001111011
232.7800000000	0100000001101101000110001111010111000010100011110101110000101001
193.6300000000	0100000001101000001101000010100011110101110000101000111101011100
202.2800000000	0100000001101001010010001111010111000010100011110101110000101001
210.7400000000	0100000001101010010101111010111000010100011110101110000101001000
209.6500000000	0100000001101010001101001100110011001100110011001100110011001101
234.6500000000	0100000001101101010101001100110011001100110011001100110011001101
202.6800000000	0100000001101001010101011100001010001111010111000010100011110110
203.5800000000	0100000001101001011100101000111101011100001010001111010111000011
